#dtype int8 payload 2282176
enc/erb_conv1.0.weight 16,1,1,3 0 48 0 3
enc/erb_conv2.0.weight 16,1,1,3 64 48 16 3
enc/erb_conv3.0.weight 16,1,1,3 128 48 32 3
enc/df_conv0.1.weight 16,1,3,3 192 144 48 3
enc/df_conv1.0.weight 16,1,1,3 384 48 96 3
enc/df_fc_emb.0.weight 16,32,8 448 4096 112 8
enc/emb_gru.linear_in.0.weight 1,128,256 4544 32768 624 64
enc/emb_gru.linear_out.0.weight 1,256,128 37312 32768 1136 64
enc/lsnr_fc.0.bias 1 70080 1 1648 1
enc/onnx::Conv_310 16,1,3,3 70144 144 1649 3
enc/onnx::Conv_311 16 70336 16 1697 16
enc/onnx::Conv_313 16,16,1,1 70400 256 1698 1
enc/onnx::Conv_314 16 70656 16 1954 16
enc/onnx::Conv_316 16,16,1,1 70720 256 1955 1
enc/onnx::Conv_317 16 70976 16 2211 16
enc/onnx::Conv_319 16,16,1,1 71040 256 2212 1
enc/onnx::Conv_320 16 71296 16 2468 16
enc/onnx::Conv_322 16,16,1,1 71360 256 2469 1
enc/onnx::Conv_323 16 71616 16 2725 16
enc/onnx::Conv_325 16,16,1,1 71680 256 2726 1
enc/onnx::Conv_326 16 71936 16 2982 16
enc/onnx::GRU_360 1,768,256 72000 196608 2983 64
enc/onnx::GRU_361 1,768,256 268608 196608 6055 64
enc/onnx::GRU_362 1,1536 465216 1536 9127 64
enc/onnx::MatMul_365 128,1 466752 128 9151 1
erb_dec/emb_gru.linear_in.0.weight 1,128,256 466880 32768 9279 64
erb_dec/emb_gru.linear_out.0.weight 1,256,128 499648 32768 9791 64
erb_dec/convt3.0.weight 16,1,1,3 532416 48 10303 3
erb_dec/convt2.0.weight 16,1,1,3 532480 48 10319 3
erb_dec/convt1.0.weight 16,1,1,3 532544 48 10335 3
erb_dec/onnx::Conv_247 16,16,1,1 532608 256 10351 1
erb_dec/onnx::Conv_248 16 532864 16 10607 16
erb_dec/onnx::Conv_250 16,16,1,1 532928 256 10608 1
erb_dec/onnx::Conv_251 16 533184 16 10864 16
erb_dec/onnx::Conv_253 16,16,1,1 533248 256 10865 1
erb_dec/onnx::Conv_254 16 533504 16 11121 16
erb_dec/onnx::Conv_256 16,16,1,1 533568 256 11122 1
erb_dec/onnx::Conv_257 16 533824 16 11378 16
erb_dec/onnx::Conv_259 16,16,1,1 533888 256 11379 1
erb_dec/onnx::Conv_260 16 534144 16 11635 16
erb_dec/onnx::Conv_262 16,16,1,1 534208 256 11636 1
erb_dec/onnx::Conv_263 16 534464 16 11892 16
erb_dec/onnx::Conv_265 16,16,1,1 534528 256 11893 1
erb_dec/onnx::Conv_266 16 534784 16 12149 16
erb_dec/onnx::Conv_268 1,16,1,3 534848 48 12150 3
erb_dec/onnx::Conv_269 1 534912 1 12166 1
erb_dec/onnx::GRU_291 1,768,256 534976 196608 12167 64
erb_dec/onnx::GRU_292 1,768,256 731584 196608 15239 64
erb_dec/onnx::GRU_293 1,1536 928192 1536 18311 64
df_dec/df_gru.linear_in.0.weight 8,16,32 929728 4096 18335 32
df_dec/df_out.0.weight 1,256,640 933824 163840 18463 64
df_dec/onnx::Conv_314 10,16,1,1 1097664 160 21023 1
df_dec/onnx::Conv_315 10 1097856 10 21183 10
df_dec/onnx::GRU_337 1,768,256 1097920 196608 21184 64
df_dec/onnx::GRU_338 1,768,256 1294528 196608 24256 64
df_dec/onnx::GRU_339 1,1536 1491136 1536 27328 64
df_dec/onnx::GRU_357 1,768,256 1492672 196608 27352 64
df_dec/onnx::GRU_358 1,768,256 1689280 196608 30424 64
df_dec/onnx::GRU_359 1,1536 1885888 1536 33496 64
df_dec/onnx::GRU_377 1,768,256 1887424 196608 33520 64
df_dec/onnx::GRU_378 1,768,256 2084032 196608 36592 64
df_dec/onnx::GRU_379 1,1536 2280640 1536 39664 64
